1 20

41 -40 -16 -25 -47 -55 60 -32 -5 -7 74 -85 83 -7 66 93 91 -29 32 2 
-48 -28 -4 24 32 4 5 -98 77 -41 -66 -34 -29 21 -12 47 44 -26 65 25 
-13 -45 76 62 0 19 -77 -86 -16 -76 -84 -41 -69 100 -52 -71 100 -52 -97 -26 
-82 15 -7 34 -48 -51 -87 -25 84 -49 72 77 -12 61 -23 -14 -4 -78 76 -5 
-12 3 49 -70 60 91 -41 -79 -77 -96 63 21 53 -99 85 16 -16 -28 -1 8 
47 52 54 84 -14 43 32 -9 48 2 -4 4 -33 -51 -30 73 -19 86 87 -12 
97 15 -50 30 -19 -77 -18 13 65 -92 24 -93 -62 -46 -65 44 94 -67 -74 -90 
-40 -40 -4 -22 43 -64 19 40 30 -96 55 16 15 -77 -5 8 84 0 7 83 
-85 67 -96 -85 -18 -68 -45 27 71 10 -47 35 42 46 3 -14 -51 -96 89 75 
54 -88 -58 42 95 90 -23 -75 73 -92 -82 -45 -2 31 -50 58 -48 75 -91 37 
-36 10 94 -78 -89 -4 -26 -91 -61 -45 -9 -95 -23 -8 77 29 56 56 49 -27 
-67 13 -23 -73 95 -72 39 -60 71 -51 -5 -47 77 -27 -27 -40 10 -13 13 30 
-74 91 45 -34 83 68 -87 1 -95 98 86 -67 38 55 82 -88 -15 -64 8 62 
5 -49 -78 -6 44 -87 -42 -71 67 70 5 -73 41 16 -93 72 93 -81 -89 67 
-18 23 48 5 -27 -70 -27 -80 7 -54 -96 -58 64 79 -33 -70 -56 83 -70 37 
7 -90 50 74 75 35 -23 45 -58 -100 -42 16 42 58 -66 22 77 46 -25 76 
-6 -39 -73 83 -44 52 82 1 91 -66 29 45 41 70 -57 -49 73 -96 -16 -34 
7 71 -25 60 72 77 79 81 -60 -37 -93 37 -6 -55 -57 -40 96 1 -44 -40 
-34 79 42 -68 78 97 -94 -74 56 -64 21 -26 -78 19 49 -89 -60 -55 -77 41 
-67 -84 99 -34 -29 -27 -28 3 -66 2 -35 59 46 -76 13 95 57 -51 -67 100 